eqntype  = 0
inttype  = 14
p        = 8 
Nt       = 400
Ntout    = 10 
ntout    = 5 
dt       = 0.02
cx       = 0.707106781187 
cy       = 0.57735026919 
cz       = 0.408248290464 
vis      = 0.0
useRTC   = 0
